{
 "cells": [
  {
   "cell_type": "markdown",
   "id": "capable-yemen",
   "metadata": {},
   "source": [
    "# Correlation and Covariance of Random Variables"
   ]
  },
  {
   "cell_type": "code",
   "execution_count": 2,
   "id": "conditional-upgrade",
   "metadata": {},
   "outputs": [],
   "source": [
    "import pandas as pd\n",
    "import matplotlib.pyplot as plt\n",
    "%matplotlib inline"
   ]
  },
  {
   "cell_type": "code",
   "execution_count": 3,
   "id": "julian-stable",
   "metadata": {},
   "outputs": [
    {
     "data": {
      "text/html": [
       "<div>\n",
       "<style scoped>\n",
       "    .dataframe tbody tr th:only-of-type {\n",
       "        vertical-align: middle;\n",
       "    }\n",
       "\n",
       "    .dataframe tbody tr th {\n",
       "        vertical-align: top;\n",
       "    }\n",
       "\n",
       "    .dataframe thead th {\n",
       "        text-align: right;\n",
       "    }\n",
       "</style>\n",
       "<table border=\"1\" class=\"dataframe\">\n",
       "  <thead>\n",
       "    <tr style=\"text-align: right;\">\n",
       "      <th></th>\n",
       "      <th>ZN</th>\n",
       "      <th>INDUS</th>\n",
       "      <th>CHAS</th>\n",
       "      <th>NOX</th>\n",
       "      <th>RM</th>\n",
       "      <th>AGE</th>\n",
       "      <th>DIS</th>\n",
       "      <th>RAD</th>\n",
       "      <th>TAX</th>\n",
       "      <th>PTRATIO</th>\n",
       "      <th>B</th>\n",
       "      <th>LSTAT</th>\n",
       "      <th>MEDV</th>\n",
       "    </tr>\n",
       "    <tr>\n",
       "      <th>CRIM</th>\n",
       "      <th></th>\n",
       "      <th></th>\n",
       "      <th></th>\n",
       "      <th></th>\n",
       "      <th></th>\n",
       "      <th></th>\n",
       "      <th></th>\n",
       "      <th></th>\n",
       "      <th></th>\n",
       "      <th></th>\n",
       "      <th></th>\n",
       "      <th></th>\n",
       "      <th></th>\n",
       "    </tr>\n",
       "  </thead>\n",
       "  <tbody>\n",
       "    <tr>\n",
       "      <th>0.00632</th>\n",
       "      <td>18.0</td>\n",
       "      <td>2.31</td>\n",
       "      <td>0</td>\n",
       "      <td>0.538</td>\n",
       "      <td>6.575</td>\n",
       "      <td>65.2</td>\n",
       "      <td>4.0900</td>\n",
       "      <td>1</td>\n",
       "      <td>296</td>\n",
       "      <td>15.3</td>\n",
       "      <td>396.90</td>\n",
       "      <td>4.98</td>\n",
       "      <td>24.0</td>\n",
       "    </tr>\n",
       "    <tr>\n",
       "      <th>0.02731</th>\n",
       "      <td>0.0</td>\n",
       "      <td>7.07</td>\n",
       "      <td>0</td>\n",
       "      <td>0.469</td>\n",
       "      <td>6.421</td>\n",
       "      <td>78.9</td>\n",
       "      <td>4.9671</td>\n",
       "      <td>2</td>\n",
       "      <td>242</td>\n",
       "      <td>17.8</td>\n",
       "      <td>396.90</td>\n",
       "      <td>9.14</td>\n",
       "      <td>21.6</td>\n",
       "    </tr>\n",
       "    <tr>\n",
       "      <th>0.02729</th>\n",
       "      <td>0.0</td>\n",
       "      <td>7.07</td>\n",
       "      <td>0</td>\n",
       "      <td>0.469</td>\n",
       "      <td>7.185</td>\n",
       "      <td>61.1</td>\n",
       "      <td>4.9671</td>\n",
       "      <td>2</td>\n",
       "      <td>242</td>\n",
       "      <td>17.8</td>\n",
       "      <td>392.83</td>\n",
       "      <td>4.03</td>\n",
       "      <td>34.7</td>\n",
       "    </tr>\n",
       "    <tr>\n",
       "      <th>0.03237</th>\n",
       "      <td>0.0</td>\n",
       "      <td>2.18</td>\n",
       "      <td>0</td>\n",
       "      <td>0.458</td>\n",
       "      <td>6.998</td>\n",
       "      <td>45.8</td>\n",
       "      <td>6.0622</td>\n",
       "      <td>3</td>\n",
       "      <td>222</td>\n",
       "      <td>18.7</td>\n",
       "      <td>394.63</td>\n",
       "      <td>2.94</td>\n",
       "      <td>33.4</td>\n",
       "    </tr>\n",
       "    <tr>\n",
       "      <th>0.06905</th>\n",
       "      <td>0.0</td>\n",
       "      <td>2.18</td>\n",
       "      <td>0</td>\n",
       "      <td>0.458</td>\n",
       "      <td>7.147</td>\n",
       "      <td>54.2</td>\n",
       "      <td>6.0622</td>\n",
       "      <td>3</td>\n",
       "      <td>222</td>\n",
       "      <td>18.7</td>\n",
       "      <td>396.90</td>\n",
       "      <td>5.33</td>\n",
       "      <td>36.2</td>\n",
       "    </tr>\n",
       "  </tbody>\n",
       "</table>\n",
       "</div>"
      ],
      "text/plain": [
       "           ZN  INDUS  CHAS    NOX     RM   AGE     DIS  RAD  TAX  PTRATIO  \\\n",
       "CRIM                                                                        \n",
       "0.00632  18.0   2.31     0  0.538  6.575  65.2  4.0900    1  296     15.3   \n",
       "0.02731   0.0   7.07     0  0.469  6.421  78.9  4.9671    2  242     17.8   \n",
       "0.02729   0.0   7.07     0  0.469  7.185  61.1  4.9671    2  242     17.8   \n",
       "0.03237   0.0   2.18     0  0.458  6.998  45.8  6.0622    3  222     18.7   \n",
       "0.06905   0.0   2.18     0  0.458  7.147  54.2  6.0622    3  222     18.7   \n",
       "\n",
       "              B  LSTAT  MEDV  \n",
       "CRIM                          \n",
       "0.00632  396.90   4.98  24.0  \n",
       "0.02731  396.90   9.14  21.6  \n",
       "0.02729  392.83   4.03  34.7  \n",
       "0.03237  394.63   2.94  33.4  \n",
       "0.06905  396.90   5.33  36.2  "
      ]
     },
     "execution_count": 3,
     "metadata": {},
     "output_type": "execute_result"
    }
   ],
   "source": [
    "dataset = pd.read_csv('../data/housing/data.csv', index_col=0)\n",
    "dataset.head()"
   ]
  },
  {
   "cell_type": "code",
   "execution_count": 4,
   "id": "satellite-pitch",
   "metadata": {},
   "outputs": [
    {
     "data": {
      "text/html": [
       "<div>\n",
       "<style scoped>\n",
       "    .dataframe tbody tr th:only-of-type {\n",
       "        vertical-align: middle;\n",
       "    }\n",
       "\n",
       "    .dataframe tbody tr th {\n",
       "        vertical-align: top;\n",
       "    }\n",
       "\n",
       "    .dataframe thead th {\n",
       "        text-align: right;\n",
       "    }\n",
       "</style>\n",
       "<table border=\"1\" class=\"dataframe\">\n",
       "  <thead>\n",
       "    <tr style=\"text-align: right;\">\n",
       "      <th></th>\n",
       "      <th>ZN</th>\n",
       "      <th>INDUS</th>\n",
       "      <th>CHAS</th>\n",
       "      <th>NOX</th>\n",
       "      <th>RM</th>\n",
       "      <th>AGE</th>\n",
       "      <th>DIS</th>\n",
       "      <th>RAD</th>\n",
       "      <th>TAX</th>\n",
       "      <th>PTRATIO</th>\n",
       "      <th>B</th>\n",
       "      <th>LSTAT</th>\n",
       "      <th>MEDV</th>\n",
       "    </tr>\n",
       "  </thead>\n",
       "  <tbody>\n",
       "    <tr>\n",
       "      <th>ZN</th>\n",
       "      <td>543.936814</td>\n",
       "      <td>-85.412648</td>\n",
       "      <td>-0.252925</td>\n",
       "      <td>-1.396148</td>\n",
       "      <td>5.112513</td>\n",
       "      <td>-373.901548</td>\n",
       "      <td>32.629304</td>\n",
       "      <td>-63.348695</td>\n",
       "      <td>-1236.453735</td>\n",
       "      <td>-19.776571</td>\n",
       "      <td>373.721402</td>\n",
       "      <td>-68.783037</td>\n",
       "      <td>77.315176</td>\n",
       "    </tr>\n",
       "    <tr>\n",
       "      <th>INDUS</th>\n",
       "      <td>-85.412648</td>\n",
       "      <td>47.064442</td>\n",
       "      <td>0.109669</td>\n",
       "      <td>0.607074</td>\n",
       "      <td>-1.887957</td>\n",
       "      <td>124.513903</td>\n",
       "      <td>-10.228097</td>\n",
       "      <td>35.549971</td>\n",
       "      <td>833.360290</td>\n",
       "      <td>5.692104</td>\n",
       "      <td>-223.579756</td>\n",
       "      <td>29.580270</td>\n",
       "      <td>-30.520823</td>\n",
       "    </tr>\n",
       "    <tr>\n",
       "      <th>CHAS</th>\n",
       "      <td>-0.252925</td>\n",
       "      <td>0.109669</td>\n",
       "      <td>0.064513</td>\n",
       "      <td>0.002684</td>\n",
       "      <td>0.016285</td>\n",
       "      <td>0.618571</td>\n",
       "      <td>-0.053043</td>\n",
       "      <td>-0.016296</td>\n",
       "      <td>-1.523367</td>\n",
       "      <td>-0.066819</td>\n",
       "      <td>1.131325</td>\n",
       "      <td>-0.097816</td>\n",
       "      <td>0.409409</td>\n",
       "    </tr>\n",
       "    <tr>\n",
       "      <th>NOX</th>\n",
       "      <td>-1.396148</td>\n",
       "      <td>0.607074</td>\n",
       "      <td>0.002684</td>\n",
       "      <td>0.013428</td>\n",
       "      <td>-0.024603</td>\n",
       "      <td>2.385927</td>\n",
       "      <td>-0.187696</td>\n",
       "      <td>0.616929</td>\n",
       "      <td>13.046286</td>\n",
       "      <td>0.047397</td>\n",
       "      <td>-4.020570</td>\n",
       "      <td>0.488946</td>\n",
       "      <td>-0.455412</td>\n",
       "    </tr>\n",
       "    <tr>\n",
       "      <th>RM</th>\n",
       "      <td>5.112513</td>\n",
       "      <td>-1.887957</td>\n",
       "      <td>0.016285</td>\n",
       "      <td>-0.024603</td>\n",
       "      <td>0.493671</td>\n",
       "      <td>-4.751929</td>\n",
       "      <td>0.303663</td>\n",
       "      <td>-1.283815</td>\n",
       "      <td>-34.583448</td>\n",
       "      <td>-0.540763</td>\n",
       "      <td>8.215006</td>\n",
       "      <td>-3.079741</td>\n",
       "      <td>4.493446</td>\n",
       "    </tr>\n",
       "    <tr>\n",
       "      <th>AGE</th>\n",
       "      <td>-373.901548</td>\n",
       "      <td>124.513903</td>\n",
       "      <td>0.618571</td>\n",
       "      <td>2.385927</td>\n",
       "      <td>-4.751929</td>\n",
       "      <td>792.358399</td>\n",
       "      <td>-44.329379</td>\n",
       "      <td>111.770846</td>\n",
       "      <td>2402.690122</td>\n",
       "      <td>15.936921</td>\n",
       "      <td>-702.940328</td>\n",
       "      <td>121.077725</td>\n",
       "      <td>-97.589017</td>\n",
       "    </tr>\n",
       "    <tr>\n",
       "      <th>DIS</th>\n",
       "      <td>32.629304</td>\n",
       "      <td>-10.228097</td>\n",
       "      <td>-0.053043</td>\n",
       "      <td>-0.187696</td>\n",
       "      <td>0.303663</td>\n",
       "      <td>-44.329379</td>\n",
       "      <td>4.434015</td>\n",
       "      <td>-9.068252</td>\n",
       "      <td>-189.664592</td>\n",
       "      <td>-1.059775</td>\n",
       "      <td>56.040356</td>\n",
       "      <td>-7.473329</td>\n",
       "      <td>4.840229</td>\n",
       "    </tr>\n",
       "    <tr>\n",
       "      <th>RAD</th>\n",
       "      <td>-63.348695</td>\n",
       "      <td>35.549971</td>\n",
       "      <td>-0.016296</td>\n",
       "      <td>0.616929</td>\n",
       "      <td>-1.283815</td>\n",
       "      <td>111.770846</td>\n",
       "      <td>-9.068252</td>\n",
       "      <td>75.816366</td>\n",
       "      <td>1335.756577</td>\n",
       "      <td>8.760716</td>\n",
       "      <td>-353.276219</td>\n",
       "      <td>30.385442</td>\n",
       "      <td>-30.561228</td>\n",
       "    </tr>\n",
       "    <tr>\n",
       "      <th>TAX</th>\n",
       "      <td>-1236.453735</td>\n",
       "      <td>833.360290</td>\n",
       "      <td>-1.523367</td>\n",
       "      <td>13.046286</td>\n",
       "      <td>-34.583448</td>\n",
       "      <td>2402.690122</td>\n",
       "      <td>-189.664592</td>\n",
       "      <td>1335.756577</td>\n",
       "      <td>28404.759488</td>\n",
       "      <td>168.153141</td>\n",
       "      <td>-6797.911215</td>\n",
       "      <td>654.714520</td>\n",
       "      <td>-726.255716</td>\n",
       "    </tr>\n",
       "    <tr>\n",
       "      <th>PTRATIO</th>\n",
       "      <td>-19.776571</td>\n",
       "      <td>5.692104</td>\n",
       "      <td>-0.066819</td>\n",
       "      <td>0.047397</td>\n",
       "      <td>-0.540763</td>\n",
       "      <td>15.936921</td>\n",
       "      <td>-1.059775</td>\n",
       "      <td>8.760716</td>\n",
       "      <td>168.153141</td>\n",
       "      <td>4.686989</td>\n",
       "      <td>-35.059527</td>\n",
       "      <td>5.782729</td>\n",
       "      <td>-10.110657</td>\n",
       "    </tr>\n",
       "    <tr>\n",
       "      <th>B</th>\n",
       "      <td>373.721402</td>\n",
       "      <td>-223.579756</td>\n",
       "      <td>1.131325</td>\n",
       "      <td>-4.020570</td>\n",
       "      <td>8.215006</td>\n",
       "      <td>-702.940328</td>\n",
       "      <td>56.040356</td>\n",
       "      <td>-353.276219</td>\n",
       "      <td>-6797.911215</td>\n",
       "      <td>-35.059527</td>\n",
       "      <td>8334.752263</td>\n",
       "      <td>-238.667516</td>\n",
       "      <td>279.989834</td>\n",
       "    </tr>\n",
       "    <tr>\n",
       "      <th>LSTAT</th>\n",
       "      <td>-68.783037</td>\n",
       "      <td>29.580270</td>\n",
       "      <td>-0.097816</td>\n",
       "      <td>0.488946</td>\n",
       "      <td>-3.079741</td>\n",
       "      <td>121.077725</td>\n",
       "      <td>-7.473329</td>\n",
       "      <td>30.385442</td>\n",
       "      <td>654.714520</td>\n",
       "      <td>5.782729</td>\n",
       "      <td>-238.667516</td>\n",
       "      <td>50.994760</td>\n",
       "      <td>-48.447538</td>\n",
       "    </tr>\n",
       "    <tr>\n",
       "      <th>MEDV</th>\n",
       "      <td>77.315176</td>\n",
       "      <td>-30.520823</td>\n",
       "      <td>0.409409</td>\n",
       "      <td>-0.455412</td>\n",
       "      <td>4.493446</td>\n",
       "      <td>-97.589017</td>\n",
       "      <td>4.840229</td>\n",
       "      <td>-30.561228</td>\n",
       "      <td>-726.255716</td>\n",
       "      <td>-10.110657</td>\n",
       "      <td>279.989834</td>\n",
       "      <td>-48.447538</td>\n",
       "      <td>84.586724</td>\n",
       "    </tr>\n",
       "  </tbody>\n",
       "</table>\n",
       "</div>"
      ],
      "text/plain": [
       "                  ZN       INDUS      CHAS        NOX         RM          AGE  \\\n",
       "ZN        543.936814  -85.412648 -0.252925  -1.396148   5.112513  -373.901548   \n",
       "INDUS     -85.412648   47.064442  0.109669   0.607074  -1.887957   124.513903   \n",
       "CHAS       -0.252925    0.109669  0.064513   0.002684   0.016285     0.618571   \n",
       "NOX        -1.396148    0.607074  0.002684   0.013428  -0.024603     2.385927   \n",
       "RM          5.112513   -1.887957  0.016285  -0.024603   0.493671    -4.751929   \n",
       "AGE      -373.901548  124.513903  0.618571   2.385927  -4.751929   792.358399   \n",
       "DIS        32.629304  -10.228097 -0.053043  -0.187696   0.303663   -44.329379   \n",
       "RAD       -63.348695   35.549971 -0.016296   0.616929  -1.283815   111.770846   \n",
       "TAX     -1236.453735  833.360290 -1.523367  13.046286 -34.583448  2402.690122   \n",
       "PTRATIO   -19.776571    5.692104 -0.066819   0.047397  -0.540763    15.936921   \n",
       "B         373.721402 -223.579756  1.131325  -4.020570   8.215006  -702.940328   \n",
       "LSTAT     -68.783037   29.580270 -0.097816   0.488946  -3.079741   121.077725   \n",
       "MEDV       77.315176  -30.520823  0.409409  -0.455412   4.493446   -97.589017   \n",
       "\n",
       "                DIS          RAD           TAX     PTRATIO            B  \\\n",
       "ZN        32.629304   -63.348695  -1236.453735  -19.776571   373.721402   \n",
       "INDUS    -10.228097    35.549971    833.360290    5.692104  -223.579756   \n",
       "CHAS      -0.053043    -0.016296     -1.523367   -0.066819     1.131325   \n",
       "NOX       -0.187696     0.616929     13.046286    0.047397    -4.020570   \n",
       "RM         0.303663    -1.283815    -34.583448   -0.540763     8.215006   \n",
       "AGE      -44.329379   111.770846   2402.690122   15.936921  -702.940328   \n",
       "DIS        4.434015    -9.068252   -189.664592   -1.059775    56.040356   \n",
       "RAD       -9.068252    75.816366   1335.756577    8.760716  -353.276219   \n",
       "TAX     -189.664592  1335.756577  28404.759488  168.153141 -6797.911215   \n",
       "PTRATIO   -1.059775     8.760716    168.153141    4.686989   -35.059527   \n",
       "B         56.040356  -353.276219  -6797.911215  -35.059527  8334.752263   \n",
       "LSTAT     -7.473329    30.385442    654.714520    5.782729  -238.667516   \n",
       "MEDV       4.840229   -30.561228   -726.255716  -10.110657   279.989834   \n",
       "\n",
       "              LSTAT        MEDV  \n",
       "ZN       -68.783037   77.315176  \n",
       "INDUS     29.580270  -30.520823  \n",
       "CHAS      -0.097816    0.409409  \n",
       "NOX        0.488946   -0.455412  \n",
       "RM        -3.079741    4.493446  \n",
       "AGE      121.077725  -97.589017  \n",
       "DIS       -7.473329    4.840229  \n",
       "RAD       30.385442  -30.561228  \n",
       "TAX      654.714520 -726.255716  \n",
       "PTRATIO    5.782729  -10.110657  \n",
       "B       -238.667516  279.989834  \n",
       "LSTAT     50.994760  -48.447538  \n",
       "MEDV     -48.447538   84.586724  "
      ]
     },
     "execution_count": 4,
     "metadata": {},
     "output_type": "execute_result"
    }
   ],
   "source": [
    "dataset.cov()"
   ]
  },
  {
   "cell_type": "code",
   "execution_count": 5,
   "id": "explicit-assumption",
   "metadata": {},
   "outputs": [
    {
     "data": {
      "text/html": [
       "<div>\n",
       "<style scoped>\n",
       "    .dataframe tbody tr th:only-of-type {\n",
       "        vertical-align: middle;\n",
       "    }\n",
       "\n",
       "    .dataframe tbody tr th {\n",
       "        vertical-align: top;\n",
       "    }\n",
       "\n",
       "    .dataframe thead th {\n",
       "        text-align: right;\n",
       "    }\n",
       "</style>\n",
       "<table border=\"1\" class=\"dataframe\">\n",
       "  <thead>\n",
       "    <tr style=\"text-align: right;\">\n",
       "      <th></th>\n",
       "      <th>ZN</th>\n",
       "      <th>INDUS</th>\n",
       "      <th>CHAS</th>\n",
       "      <th>NOX</th>\n",
       "      <th>RM</th>\n",
       "      <th>AGE</th>\n",
       "      <th>DIS</th>\n",
       "      <th>RAD</th>\n",
       "      <th>TAX</th>\n",
       "      <th>PTRATIO</th>\n",
       "      <th>B</th>\n",
       "      <th>LSTAT</th>\n",
       "      <th>MEDV</th>\n",
       "    </tr>\n",
       "  </thead>\n",
       "  <tbody>\n",
       "    <tr>\n",
       "      <th>ZN</th>\n",
       "      <td>1.000000</td>\n",
       "      <td>-0.533828</td>\n",
       "      <td>-0.042697</td>\n",
       "      <td>-0.516604</td>\n",
       "      <td>0.311991</td>\n",
       "      <td>-0.569537</td>\n",
       "      <td>0.664408</td>\n",
       "      <td>-0.311948</td>\n",
       "      <td>-0.314563</td>\n",
       "      <td>-0.391679</td>\n",
       "      <td>0.175520</td>\n",
       "      <td>-0.412995</td>\n",
       "      <td>0.360445</td>\n",
       "    </tr>\n",
       "    <tr>\n",
       "      <th>INDUS</th>\n",
       "      <td>-0.533828</td>\n",
       "      <td>1.000000</td>\n",
       "      <td>0.062938</td>\n",
       "      <td>0.763651</td>\n",
       "      <td>-0.391676</td>\n",
       "      <td>0.644779</td>\n",
       "      <td>-0.708027</td>\n",
       "      <td>0.595129</td>\n",
       "      <td>0.720760</td>\n",
       "      <td>0.383248</td>\n",
       "      <td>-0.356977</td>\n",
       "      <td>0.603800</td>\n",
       "      <td>-0.483725</td>\n",
       "    </tr>\n",
       "    <tr>\n",
       "      <th>CHAS</th>\n",
       "      <td>-0.042697</td>\n",
       "      <td>0.062938</td>\n",
       "      <td>1.000000</td>\n",
       "      <td>0.091203</td>\n",
       "      <td>0.091251</td>\n",
       "      <td>0.086518</td>\n",
       "      <td>-0.099176</td>\n",
       "      <td>-0.007368</td>\n",
       "      <td>-0.035587</td>\n",
       "      <td>-0.121515</td>\n",
       "      <td>0.048788</td>\n",
       "      <td>-0.053929</td>\n",
       "      <td>0.175260</td>\n",
       "    </tr>\n",
       "    <tr>\n",
       "      <th>NOX</th>\n",
       "      <td>-0.516604</td>\n",
       "      <td>0.763651</td>\n",
       "      <td>0.091203</td>\n",
       "      <td>1.000000</td>\n",
       "      <td>-0.302188</td>\n",
       "      <td>0.731470</td>\n",
       "      <td>-0.769230</td>\n",
       "      <td>0.611441</td>\n",
       "      <td>0.668023</td>\n",
       "      <td>0.188933</td>\n",
       "      <td>-0.380051</td>\n",
       "      <td>0.590879</td>\n",
       "      <td>-0.427321</td>\n",
       "    </tr>\n",
       "    <tr>\n",
       "      <th>RM</th>\n",
       "      <td>0.311991</td>\n",
       "      <td>-0.391676</td>\n",
       "      <td>0.091251</td>\n",
       "      <td>-0.302188</td>\n",
       "      <td>1.000000</td>\n",
       "      <td>-0.240265</td>\n",
       "      <td>0.205246</td>\n",
       "      <td>-0.209847</td>\n",
       "      <td>-0.292048</td>\n",
       "      <td>-0.355501</td>\n",
       "      <td>0.128069</td>\n",
       "      <td>-0.613808</td>\n",
       "      <td>0.695360</td>\n",
       "    </tr>\n",
       "    <tr>\n",
       "      <th>AGE</th>\n",
       "      <td>-0.569537</td>\n",
       "      <td>0.644779</td>\n",
       "      <td>0.086518</td>\n",
       "      <td>0.731470</td>\n",
       "      <td>-0.240265</td>\n",
       "      <td>1.000000</td>\n",
       "      <td>-0.747881</td>\n",
       "      <td>0.456022</td>\n",
       "      <td>0.506456</td>\n",
       "      <td>0.261515</td>\n",
       "      <td>-0.273534</td>\n",
       "      <td>0.602339</td>\n",
       "      <td>-0.376955</td>\n",
       "    </tr>\n",
       "    <tr>\n",
       "      <th>DIS</th>\n",
       "      <td>0.664408</td>\n",
       "      <td>-0.708027</td>\n",
       "      <td>-0.099176</td>\n",
       "      <td>-0.769230</td>\n",
       "      <td>0.205246</td>\n",
       "      <td>-0.747881</td>\n",
       "      <td>1.000000</td>\n",
       "      <td>-0.494588</td>\n",
       "      <td>-0.534432</td>\n",
       "      <td>-0.232471</td>\n",
       "      <td>0.291512</td>\n",
       "      <td>-0.496996</td>\n",
       "      <td>0.249929</td>\n",
       "    </tr>\n",
       "    <tr>\n",
       "      <th>RAD</th>\n",
       "      <td>-0.311948</td>\n",
       "      <td>0.595129</td>\n",
       "      <td>-0.007368</td>\n",
       "      <td>0.611441</td>\n",
       "      <td>-0.209847</td>\n",
       "      <td>0.456022</td>\n",
       "      <td>-0.494588</td>\n",
       "      <td>1.000000</td>\n",
       "      <td>0.910228</td>\n",
       "      <td>0.464741</td>\n",
       "      <td>-0.444413</td>\n",
       "      <td>0.488676</td>\n",
       "      <td>-0.381626</td>\n",
       "    </tr>\n",
       "    <tr>\n",
       "      <th>TAX</th>\n",
       "      <td>-0.314563</td>\n",
       "      <td>0.720760</td>\n",
       "      <td>-0.035587</td>\n",
       "      <td>0.668023</td>\n",
       "      <td>-0.292048</td>\n",
       "      <td>0.506456</td>\n",
       "      <td>-0.534432</td>\n",
       "      <td>0.910228</td>\n",
       "      <td>1.000000</td>\n",
       "      <td>0.460853</td>\n",
       "      <td>-0.441808</td>\n",
       "      <td>0.543993</td>\n",
       "      <td>-0.468536</td>\n",
       "    </tr>\n",
       "    <tr>\n",
       "      <th>PTRATIO</th>\n",
       "      <td>-0.391679</td>\n",
       "      <td>0.383248</td>\n",
       "      <td>-0.121515</td>\n",
       "      <td>0.188933</td>\n",
       "      <td>-0.355501</td>\n",
       "      <td>0.261515</td>\n",
       "      <td>-0.232471</td>\n",
       "      <td>0.464741</td>\n",
       "      <td>0.460853</td>\n",
       "      <td>1.000000</td>\n",
       "      <td>-0.177383</td>\n",
       "      <td>0.374044</td>\n",
       "      <td>-0.507787</td>\n",
       "    </tr>\n",
       "    <tr>\n",
       "      <th>B</th>\n",
       "      <td>0.175520</td>\n",
       "      <td>-0.356977</td>\n",
       "      <td>0.048788</td>\n",
       "      <td>-0.380051</td>\n",
       "      <td>0.128069</td>\n",
       "      <td>-0.273534</td>\n",
       "      <td>0.291512</td>\n",
       "      <td>-0.444413</td>\n",
       "      <td>-0.441808</td>\n",
       "      <td>-0.177383</td>\n",
       "      <td>1.000000</td>\n",
       "      <td>-0.366087</td>\n",
       "      <td>0.333461</td>\n",
       "    </tr>\n",
       "    <tr>\n",
       "      <th>LSTAT</th>\n",
       "      <td>-0.412995</td>\n",
       "      <td>0.603800</td>\n",
       "      <td>-0.053929</td>\n",
       "      <td>0.590879</td>\n",
       "      <td>-0.613808</td>\n",
       "      <td>0.602339</td>\n",
       "      <td>-0.496996</td>\n",
       "      <td>0.488676</td>\n",
       "      <td>0.543993</td>\n",
       "      <td>0.374044</td>\n",
       "      <td>-0.366087</td>\n",
       "      <td>1.000000</td>\n",
       "      <td>-0.737663</td>\n",
       "    </tr>\n",
       "    <tr>\n",
       "      <th>MEDV</th>\n",
       "      <td>0.360445</td>\n",
       "      <td>-0.483725</td>\n",
       "      <td>0.175260</td>\n",
       "      <td>-0.427321</td>\n",
       "      <td>0.695360</td>\n",
       "      <td>-0.376955</td>\n",
       "      <td>0.249929</td>\n",
       "      <td>-0.381626</td>\n",
       "      <td>-0.468536</td>\n",
       "      <td>-0.507787</td>\n",
       "      <td>0.333461</td>\n",
       "      <td>-0.737663</td>\n",
       "      <td>1.000000</td>\n",
       "    </tr>\n",
       "  </tbody>\n",
       "</table>\n",
       "</div>"
      ],
      "text/plain": [
       "               ZN     INDUS      CHAS       NOX        RM       AGE       DIS  \\\n",
       "ZN       1.000000 -0.533828 -0.042697 -0.516604  0.311991 -0.569537  0.664408   \n",
       "INDUS   -0.533828  1.000000  0.062938  0.763651 -0.391676  0.644779 -0.708027   \n",
       "CHAS    -0.042697  0.062938  1.000000  0.091203  0.091251  0.086518 -0.099176   \n",
       "NOX     -0.516604  0.763651  0.091203  1.000000 -0.302188  0.731470 -0.769230   \n",
       "RM       0.311991 -0.391676  0.091251 -0.302188  1.000000 -0.240265  0.205246   \n",
       "AGE     -0.569537  0.644779  0.086518  0.731470 -0.240265  1.000000 -0.747881   \n",
       "DIS      0.664408 -0.708027 -0.099176 -0.769230  0.205246 -0.747881  1.000000   \n",
       "RAD     -0.311948  0.595129 -0.007368  0.611441 -0.209847  0.456022 -0.494588   \n",
       "TAX     -0.314563  0.720760 -0.035587  0.668023 -0.292048  0.506456 -0.534432   \n",
       "PTRATIO -0.391679  0.383248 -0.121515  0.188933 -0.355501  0.261515 -0.232471   \n",
       "B        0.175520 -0.356977  0.048788 -0.380051  0.128069 -0.273534  0.291512   \n",
       "LSTAT   -0.412995  0.603800 -0.053929  0.590879 -0.613808  0.602339 -0.496996   \n",
       "MEDV     0.360445 -0.483725  0.175260 -0.427321  0.695360 -0.376955  0.249929   \n",
       "\n",
       "              RAD       TAX   PTRATIO         B     LSTAT      MEDV  \n",
       "ZN      -0.311948 -0.314563 -0.391679  0.175520 -0.412995  0.360445  \n",
       "INDUS    0.595129  0.720760  0.383248 -0.356977  0.603800 -0.483725  \n",
       "CHAS    -0.007368 -0.035587 -0.121515  0.048788 -0.053929  0.175260  \n",
       "NOX      0.611441  0.668023  0.188933 -0.380051  0.590879 -0.427321  \n",
       "RM      -0.209847 -0.292048 -0.355501  0.128069 -0.613808  0.695360  \n",
       "AGE      0.456022  0.506456  0.261515 -0.273534  0.602339 -0.376955  \n",
       "DIS     -0.494588 -0.534432 -0.232471  0.291512 -0.496996  0.249929  \n",
       "RAD      1.000000  0.910228  0.464741 -0.444413  0.488676 -0.381626  \n",
       "TAX      0.910228  1.000000  0.460853 -0.441808  0.543993 -0.468536  \n",
       "PTRATIO  0.464741  0.460853  1.000000 -0.177383  0.374044 -0.507787  \n",
       "B       -0.444413 -0.441808 -0.177383  1.000000 -0.366087  0.333461  \n",
       "LSTAT    0.488676  0.543993  0.374044 -0.366087  1.000000 -0.737663  \n",
       "MEDV    -0.381626 -0.468536 -0.507787  0.333461 -0.737663  1.000000  "
      ]
     },
     "execution_count": 5,
     "metadata": {},
     "output_type": "execute_result"
    }
   ],
   "source": [
    "dataset.corr()"
   ]
  },
  {
   "cell_type": "code",
   "execution_count": 6,
   "id": "adequate-prize",
   "metadata": {},
   "outputs": [
    {
     "data": {
